RUN = [
      0          0      68030     136533      68503 -111
      4       -137      -8680     136533     145213   56
      8       -331     -38545     136533     175078  126
     12       -273       1239     136533     135295   74
     16         45      59935     136533      76599  -16
     20        392      80046     136533      56487  -39
     24        604      59762     136533      76772   10
     28        728      38190     136533      98343   64
     32        911      43860     136533      92673   67
     36       1234      71528     136533      65006   28
     40       1628      91757     136533      44776    0
     44       2013      95127     136533      41407    2
     48       2362      89219     136533      47314   21
     52       2672      80430     136533      56104   46
     56       3018      84982     136533      51551   45
     60       3428      98121     136533      38413   28
     64       3871     107593     136533      28941   16
     68       4304     108086     136533      28448   20
     72       4716     104271     136533      32262   33
     76       5132     104068     136533      32465   38
     80       5575     109079     136533      27454   33
     84       6044     115207     136533      21326   26
     88       6520     118052     136533      18481   24
     92       6991     117825     136533      18708   28
     96       7459     117206     136533      19327   32
    100       7934     118364     136533      18169   33
    104       8421     120904     136533      15630   31
    108       8919     123601     136533      12932   28
    112       9418     124463     136533      12071   29
    116       9915     124303     136533      12230   31
    120      10414     124638     136533      11895   32
    124      10921     126222     136533      10311   31
    128      11434     127743     136533       8790   30
    132      11952     129061     136533       7473   29
    136      12470     129390     136533       7143   30
    140      12988     129473     136533       7061   31
    144      13508     129868     136533       6665   31
    148      14034     131092     136533       5441   30
    152      14562     131773     136533       4760   29
    156      15090     131943     136533       4590   30
    160      15619     132173     136533       4360   30
    164      16149     132418     136533       4115   30
    168      16680     132667     136533       3866   31
    172      17211     132729     136533       3804   31
    176      17745     133307     136533       3226   31
    180      18280     133639     136533       2894   30
    184      18815     133722     136533       2811   31
    188      19350     133743     136533       2790   31
    192      19889     134498     136533       2035   30
    196      20428     134687     136533       1846   30
    200      20967     134734     136533       1799   30
    204      21505     134559     136533       1975   31
    208      22044     134702     136533       1831   31
    212      22584     134926     136533       1608   31
    216      23128     135731     136533        802   30
    220      23673     136120     136533        413   29
    224      24216     135843     136533        691   30
    228      24756     135211     136533       1323   31
    232      25297     135240     136533       1293   31
    236      25837     135060     136533       1473   32
    240      26379     135390     136533       1143   31
    244      26923     135847     136533        686   31
    248      27468     136149     136533        384   30
    252      28013     136225     136533        308   30
    256      28558     136244     136533        290   30
    260      29102     136061     136533        472   30
    264      29644     135640     136533        893   31
    268      30186     135535     136533        998   32
    272      30732     136259     136533        275   30
    276      31280     136815     136533       -281   29
    280      31826     136579     136533        -45   30
    284      32370     136145     136533        389   31
    288      32914     136036     136533        497   31
    292      33459     136197     136533        337   31
    296      34005     136424     136533        109   30
    300      34548     135919     136533        615   31
    304      35091     135792     136533        741   32
    308      35636     136136     136533        398   31
    312      36185     136971     136533       -438   29
    316      36732     136805     136533       -272   30
    320      37277     136389     136533        144   31
    324      37822     136285     136533        249   31
    328      38368     136446     136533         87   30
    332      38916     136862     136533       -328   30
    336      39464     136965     136533       -432   29
    340      40010     136616     136533        -83   30
    344      40554     136154     136533        379   31
    348      41099     136226     136533        307   31
    352      41645     136432     136533        102   31
    356      42192     136670     136533       -137   30
    360      42736     136168     136533        366   31
    364      43280     136042     136533        491   31
    368      43826     136385     136533        148   31
    372      44373     136659     136533       -126   30
    376      44921     136915     136533       -381   30
    380      45468     136791     136533       -258   30
    384      46014     136573     136533        -39   30
    388      46558     136143     136533        390   31
    392      47103     136223     136533        310   31
    396      47651     136806     136533       -272   30
    400      48200     137139     136533       -606   29
    404      48748     137035     136533       -501   29
    408      49291     136071     136533        462   31
    412      49833     135643     136533        891   32
    416      50377     135911     136533        623   32
    420      50924     136540     136533         -7   30
    424      51470     136510     136533         23   31
    428      52016     136503     136533         31   31
    432      52564     136876     136533       -342   30
    436      53113     137156     136533       -623   29
    440      53659     136664     136533       -131   30
    444      54203     136166     136533        367   31
    448      54747     136042     136533        492   31
    452      55293     136385     136533        148   31
    456      55843     137221     136533       -688   29
    460      56392     137243     136533       -710   29
    464      56939     136873     136533       -340   30
    468      57483     136218     136533        315   31
    472      58027     136055     136533        479   31
    476      58571     136014     136533        520   31
    480      59116     136191     136533        342   31
    484      59662     136423     136533        111   31
    488      60209     136668     136533       -135   30
    492      60757     136917     136533       -384   30
    496      61304     136792     136533       -258   30
    500      61851     136760     136533       -227   30
    504      62396     136378     136533        156   31
    508      62942     136469     136533         64   31
    512      63490     136867     136533       -334   30
    516      64040     137342     136533       -809   29
    520      64589     137273     136533       -740   29
    524      65134     136506     136533         28   30
    528      65677     135939     136533        594   31
    532      66221     135985     136533        549   31
    536      66765     135996     136533        537   31
    540      67309     135999     136533        534   31
    544      67855     136375     136533        159   31
