TEST = [
      0          0          0          0          0  127
      2         38      19000          0          0  127
      4        157      59500          0          0  127
      6        354      98500          0          0  127
      8        623     134500          0          0  127
     10        957     167000          0          0  127
     12       1352     197500          0          0  127
     14       1804     226000          0          0  127
     16       2307     251500          0          0  127
     18       2860     276500          0          0  127
     20       3457     298500          0          0  127
     22       4095     319000          0          0  127
     24       4772     338500          0          0  127
     26       5484     356000          0          0  127
     28       6229     372500          0          0  127
     30       7005     388000          0          0  127
     32       7809     402000          0          0  127
     34       8639     415000          0          0  127
     36       9493     427000          0          0  127
     38      10371     439000          0          0  127
     40      11269     449000          0          0  127
     42      12188     459500          0          0  127
     44      13124     468000          0          0  127
     46      14077     476500          0          0  127
     48      15046     484500          0          0  127
     50      16029     491500          0          0  127
     52      17025     498000          0          0  127
     54      18034     504500          0          0  127
     56      19055     510500          0          0  127
     58      20089     517000          0          0  127
     60      21130     520500          0          0  127
     62      22183     526500          0          0  127
     64      23244     530500          0          0  127
     66      24312     534000          0          0  127
     68      25389     538500          0          0  127
     70      26473     542000          0          0  127
     72      27565     546000          0          0  127
     74      28662     548500          0          0  127
     76      29766     552000          0          0  127
     78      30875     554500          0          0  127
     80      31989     557000          0          0  127
     82      33107     559000          0          0  127
     84      34230     561500          0          0  127
     86      35357     563500          0          0  127
     88      36489     566000          0          0  127
     90      37623     567000          0          0  127
     92      38760     568500          0          0  127
     94      39901     570500          0          0  127
     96      41043     571000          0          0  127
     98      42188     572500          0          0  127
    100      43337     574500          0          0  127
    102      44489     576000          0          0  127
    104      45642     576500          0          0  127
    106      46797     577500          0          0  127
    108      47953     578000          0          0  127
    110      49111     579000          0          0  127
    112      50270     579500          0          0  127
    114      51432     581000          0          0  127
    116      52596     582000          0          0  127
    118      53760     582000          0          0  127
    120      54925     582500          0          0  127
    122      56090     582500          0          0  127
    124      57257     583500          0          0  127
    126      58424     583500          0          0  127
    128      59594     585000          0          0  127
    130      60764     585000          0          0  127
    132      61934     585000          0          0  127
    134      63105     585500          0          0  127
    136      64274     584500          0          0  127
    138      65445     585500          0          0  127
    140      66616     585500          0          0  127
    142      67788     586000          0          0  127
    144      68962     587000          0          0  127
    146      70135     586500          0          0  127
    148      71309     587000          0          0  127
    150      72482     586500          0          0  127
    152      73655     586500          0          0  127
    154      74829     587000          0          0  127
    156      76003     587000          0          0  127
    158      77179     588000          0          0  127
    160      78354     587500          0          0  127
    162      79529     587500          0          0  127
    164      80704     587500          0          0  127
    166      81880     588000          0          0  127
    168      83055     587500          0          0  127
    170      84231     588000          0          0  127
    172      85408     588500          0          0  127
    174      86584     588000          0          0  127
    176      87761     588500          0          0  127
    178      88936     587500          0          0  127
    180      90112     588000          0          0  127
    182      91288     588000          0          0  127
    184      92465     588500          0          0  127
    186      93643     589000          0          0  127
    188      94821     589000          0          0  127
    190      95997     588000          0          0  127
    192      97173     588000          0          0  127
    194      98350     588500          0          0  127
    196      99527     588500          0          0  127
    198     100704     588500          0          0  127
    200     101882     589000          0          0  127
    202     103060     589000          0          0  127
    204     104237     588500          0          0  127
    206     105414     588500          0          0  127
    208     106590     588000          0          0  127
    210     107768     589000          0          0  127
    212     108945     588500          0          0  127
    214     110125     590000          0          0  127
    216     111303     589000          0          0  127
    218     112481     589000          0          0  127
    220     113659     589000          0          0  127
    222     114836     588500          0          0  127
    224     116014     589000          0          0  127
    226     117192     589000          0          0  127
    228     118371     589500          0          0  127
    230     119549     589000          0          0  127
    232     120728     589500          0          0  127
    234     121905     588500          0          0  127
    236     123082     588500          0          0  127
    238     124261     589500          0          0  127
    240     125440     589500          0          0  127
    242     126618     589000          0          0  127
    244     127797     589500          0          0  127
    246     128975     589000          0          0  127
    248     130152     588500          0          0  127
    250     131328     588000          0          0  127
    252     132506     589000          0          0  127
    254     133683     588500          0          0  127
    256     134861     589000          0          0  127
    258     136039     589000          0          0  127
    260     137216     588500          0          0  127
    262     138392     588000          0          0  127
    264     139569     588500          0          0  127
    266     140746     588500          0          0  127
    268     141924     589000          0          0  127
    270     143102     589000          0          0  127
    272     144280     589000          0          0  127
