RUN = [
      0          0      24161     273067     248905    3
      7          0       2136     273067     270931   13
     14         23       3184     273067     269883   19
     21        112      11872     273067     261195   24
     28        292      24491     273067     248576   29
     35        577      39280     273067     233786   33
     42        986      56736     273067     216331   36
     49       1519      74428     273067     198639   39
     56       2178      92400     273067     180666   41
     63       2963     110398     273067     162669   43
     70       3869     127746     273067     145320   45
     77       4896     145038     273067     128029   46
     84       6031     160631     273067     112436   47
     91       7261     174381     273067      98686   48
     98       8573     186275     273067      86791   48
    105       9952     196052     273067      77015   49
    112      11390     204600     273067      68467   50
    119      12890     213430     273067      59637   50
    126      14446     221503     273067      51564   50
    133      16049     228337     273067      44729   51
    140      17689     233760     273067      39307   51
    147      19360     238276     273067      34790   51
    154      21061     242582     273067      30484   52
    161      22796     247391     273067      25676   52
    168      24560     251593     273067      21474   52
    175      26345     254699     273067      18368   52
    182      28143     256666     273067      16400   52
    189      29961     259445     273067      13622   52
    196      31796     261904     273067      11162   52
    203      33643     263685     273067       9382   52
    210      35494     264363     273067       8704   52
    217      37351     265204     273067       7863   52
    224      39219     266711     273067       6356   52
    231      41095     267886     273067       5181   52
    238      42973     268250     273067       4816   52
    245      44850     268152     273067       4914   52
    252      46734     269055     273067       4011   52
    259      48624     269917     273067       3150   52
    266      50516     270253     273067       2814   52
    273      52404     269762     273067       3305   53
    280      54298     270500     273067       2567   52
    287      56202     271867     273067       1199   52
    294      58106     271988     273067       1078   52
    301      60005     271348     273067       1719   52
    308      61902     271031     273067       2036   53
    315      63805     271784     273067       1283   52
    322      65714     272632     273067        435   52
    329      67618     272056     273067       1011   53
    336      69520     271744     273067       1322   53
    343      71432     273019     273067         47   52
    350      73349     273783     273067       -716   52
    357      75261     273199     273067       -133   52
    364      77165     272106     273067        961   53
    371      79073     272530     273067        536   52
    378      80987     273349     273067       -283   52
    385      82898     273031     273067         36   52
    392      84802     272091     273067        976   53
    399      86709     272399     273067        668   53
    406      88625     273598     273067       -531   52
    413      90545     274225     273067      -1158   52
    420      92457     273239     273067       -172   52
    427      94363     272370     273067        697   53
    434      96275     273075     273067         -8   52
    441      98192     273788     273067       -721   52
    448     100103     273070     273067         -3   52
    455     102007     272095     273067        972   53
    462     103917     272790     273067        277   52
    469     105832     273502     273067       -436   52
    476     107745     273305     273067       -238   52
    483     109650     272246     273067        821   53
    490     111557     272412     273067        654   53
    497     113475     273860     273067       -793   52
    504     115396     274378     273067      -1312   52
    511     117308     273252     273067       -185   52
    518     119217     272762     273067        305   52
    525     121128     272979     273067         88   52
    532     123041     273259     273067       -192   52
    539     124948     272502     273067        565   53
    546     126854     272305     273067        762   53
    553     128768     273329     273067       -263   52
    560     130687     274071     273067      -1004   52
    567     132601     273485     273067       -419   52
    574     134509     272652     273067        414   52
    581     136416     272448     273067        618   53
    588     138329     273212     273067       -145   52
    595     140245     273670     273067       -603   52
    602     142152     272538     273067        528   53
    609     144061     272699     273067        368   52
    616     145976     273494     273067       -428   52
    623     147891     273565     273067       -498   52
    630     149799     272659     273067        407   52
    637     151702     271928     273067       1139   53
    644     153612     272775     273067        292   52
    651     155528     273631     273067       -565   52
    658     157439     273056     273067         11   52
    665     159343     272093     273067        973   53
    672     161252     272659     273067        407   53
    679     163170     273882     273067       -815   52
    686     165089     274120     273067      -1053   52
    693     167000     273099     273067        -32   52
    700     168909     272748     273067        318   52
    707     170821     273108     273067        -41   52
    714     172733     273140     273067        -73   52
    721     174638     272231     273067        836   53
    728     176545     272411     273067        656   53
    735     178461     273599     273067       -532   52
    742     180382     274355     273067      -1289   52
    749     182296     273510     273067       -444   52
    756     184204     272654     273067        412   52
    763     186113     272709     273067        358   52
    770     188024     272974     273067         92   52
    777     189932     272607     273067        460   53
    784     191837     272184     273067        883   53
    791     193749     273058     273067          9   52
    798     195666     273787     273067       -720   52
    805     197581     273590     273067       -524   52
    812     199487     272401     273067        666   53
    819     201396     272687     273067        380   53
    826     203314     273884     273067       -817   52
    833     205235     274380     273067      -1314   52
    840     207147     273252     273067       -186   52
    847     209054     272501     273067        565   52
    854     210963     272695     273067        371   52
    861     212874     272973     273067         94   52
    868     214781     272477     273067        590   53
    875     216685     272042     273067       1025   53
    882     218598     273176     273067       -109   52
    889     220517     274057     273067       -991   52
    896     222434     273875     273067       -808   52
    903     224344     272947     273067        120   52
    910     226252     272605     273067        462   53
    917     228167     273486     273067       -419   52
    924     230086     274085     273067      -1018   52
    931     231997     273096     273067        -29   52
    938     233906     272748     273067        319   52
    945     235817     272978     273067         89   52
    952     237729     273128     273067        -62   52
