RUN = [
      0          0      24442     273067     248625    0
      7          0       2160     273067     270906    0
     14          0        191     273067     272876    1
     21          0         17     273067     273050    1
     28          0          1     273067     273065    1
     35          0          0     273067     273067    2
     42          0          0     273067     273067    2
     49          0          0     273067     273067    2
     56          0          0     273067     273067    3
     63          0          0     273067     273067    3
     70          0          0     273067     273067    3
     77          0          0     273067     273067    4
     84          0          0     273067     273067    4
     91          0          0     273067     273067    4
     98          0          0     273067     273067    5
    105          0          0     273067     273067    5
    112          0          0     273067     273067    5
    119          0          0     273067     273067    6
    126          0          0     273067     273067    6
    133          0          0     273067     273067    6
    140          0          0     273067     273067    7
    147          0          0     273067     273067    7
    154          0          0     273067     273067    7
    161          0          0     273067     273067    8
    168          1        130     273067     272936    8
    175          1         12     273067     273055    9
    182          4        392     273067     272675    9
    189         10        816     273067     272251    9
    196         20       1374     273067     271692   10
    203         36       2205     273067     270862   10
    210         61       3451     273067     269616   10
    217         98       5124     273067     267943   11
    224        149       7095     273067     265972   11
    231        215       9222     273067     263844   11
    238        293      10973     273067     262094   12
    245        382      12560     273067     260506   12
    252        478      13612     273067     259454   12
    259        577      14096     273067     258971   13
    266        681      14790     273067     258277   13
    273        798      16544     273067     256522   13
    280        930      18653     273067     254414   13
    287       1069      19751     273067     253316   14
    294       1210      20108     273067     252958   14
    301       1359      21182     273067     251885   14
    308       1519      22709     273067     250358   15
    315       1690      24277     273067     248790   15
    322       1868      25327     273067     247740   15
    329       2058      26982     273067     246084   16
    336       2268      29733     273067     243333   16
    343       2486      31018     273067     242048   16
    350       2718      32955     273067     240112   17
    357       2970      35731     273067     237336   17
    364       3235      37669     273067     235397   17
    371       3523      40836     273067     232231   17
    378       3821      42418     273067     230649   18
    385       4139      45162     273067     227904   18
    392       4471      47228     273067     225838   18
    399       4821      49755     273067     223312   18
    406       5177      50760     273067     222307   19
    413       5550      53062     273067     220004   19
    420       5937      55089     273067     217977   19
    427       6336      56831     273067     216236   20
    434       6747      58548     273067     214519   20
    441       7168      60002     273067     213065   20
    448       7602      61823     273067     211243   20
    455       8044      63026     273067     210040   21
    462       8490      63653     273067     209413   21
    469       8945      64881     273067     208186   21
    476       9407      65901     273067     207166   21
    483       9870      66121     273067     206945   22
    490      10338      66792     273067     206275   22
    497      10818      68414     273067     204652   22
    504      11311      70251     273067     202816   22
    511      11818      72236     273067     200831   23
    518      12341      74495     273067     198571   23
    525      12883      77169     273067     195897   23
    532      13440      79359     273067     193708   23
    539      14011      81376     273067     191691   24
    546      14594      83117     273067     189950   24
    553      15190      84964     273067     188103   24
    560      15796      86429     273067     186637   24
    567      16407      87210     273067     185857   24
    574      17020      87539     273067     185527   25
    581      17637      88090     273067     184977   25
    588      18259      88789     273067     184277   25
    595      18887      89633     273067     183434   25
    602      19524      90879     273067     182188   26
    609      20177      93073     273067     179994   26
    616      20848      95611     273067     177456   26
    623      21536      98049     273067     175017   26
    630      22238     100088     273067     172979   26
    637      22949     101440     273067     171626   27
    644      23670     102862     273067     170205   27
    651      24402     104420     273067     168646   27
    658      25138     105079     273067     167988   27
    665      25876     105398     273067     167669   27
    672      26613     105296     273067     167771   28
    679      27357     106198     273067     166868   28
    686      28114     107971     273067     165096   28
    693      28887     110211     273067     162855   28
    700      29673     112102     273067     160964   28
    707      30471     113832     273067     159234   29
    714      31282     115678     273067     157388   29
    721      32104     117274     273067     155793   29
    728      32934     118457     273067     154610   29
    735      33766     118822     273067     154245   29
    742      34596     118594     273067     154473   30
    749      35430     119094     273067     153972   30
    756      36277     120832     273067     152235   30
    763      37138     122808     273067     150258   30
    770      38013     124806     273067     148260   30
    777      38898     126285     273067     146781   31
    784      39795     127979     273067     145088   31
    791      40704     129691     273067     143376   31
    798      41617     130363     273067     142703   31
    805      42532     130683     273067     142383   31
    812      43447     130712     273067     142355   31
    819      44368     131495     273067     141571   32
    826      45302     133258     273067     139809   32
    833      46253     135627     273067     137439   32
    840      47217     137530     273067     135537   32
    847      48190     138870     273067     134197   32
    854      49169     139770     273067     133297   32
    861      50148     139849     273067     133217   33
    868      51126     139726     273067     133340   33
    875      52110     140497     273067     132570   33
    882      53106     142128     273067     130939   33
    889      54115     143965     273067     129102   33
    896      55135     145560     273067     127507   33
    903      56164     146873     273067     126194   34
    910      57202     148161     273067     124906   34
    917      58243     148665     273067     124401   34
    924      59284     148710     273067     124357   34
    931      60328     149105     273067     123962   34
    938      61379     150051     273067     123016   34
    945      62441     151567     273067     121499   34
    952      63514     153134     273067     119933   35
