RUN = [
      0          0      34233     273067     238833    0
      6          0       4279     273067     268788   10
     12         11       2139     273067     270928   16
     18         54       6538     273067     266528   21
     24        158      15984     273067     257083   25
     30        344      29123     273067     243944   28
     36        615      43161     273067     229905   31
     42        969      57020     273067     216047   34
     48       1415      72169     273067     200897   37
     54       1958      88209     273067     184858   39
     60       2595     103922     273067     169145   40
     66       3320     118719     273067     154347   42
     72       4127     132527     273067     140539   43
     78       5008     145045     273067     128022   44
     84       5958     156672     273067     116394   45
     90       6974     167751     273067     105316   46
     96       8053     178323     273067      94744   47
    102       9191     188249     273067      84818   47
    108      10384     197510     273067      75556   48
    114      11625     205668     273067      67399   48
    120      12908     212813     273067      60254   49
    126      14225     218664     273067      54403   49
    132      15578     224646     273067      48421   49
    138      16964     230206     273067      42861   50
    144      18381     235422     273067      37645   50
    150      19827     240303     273067      32764   50
    156      21294     243975     273067      29091   50
    162      22775     246476     273067      26591   50
    168      24272     249122     273067      23945   50
    174      25784     251640     273067      21426   51
    180      27313     254434     273067      18632   51
    186      28856     256825     273067      16242   51
    192      30409     258582     273067      14484   51
    198      31970     259969     273067      13098   51
    204      33544     262038     273067      11029   51
    210      35127     263609     273067       9458   51
    216      36718     264972     273067       8095   51
    222      38312     265580     273067       7487   51
    228      39907     265802     273067       7265   51
    234      41509     266850     273067       6216   51
    240      43116     267710     273067       5356   51
    246      44726     268255     273067       4811   51
    252      46336     268324     273067       4743   51
    258      47944     268040     273067       5026   51
    264      49555     268443     273067       4624   52
    270      51172     269368     273067       3699   51
    276      52796     270504     273067       2562   51
    282      54417     270209     273067       2858   52
    288      56037     270026     273067       3041   52
    294      57663     270878     273067       2188   52
    300      59297     272151     273067        915   51
    306      60934     272748     273067        319   51
    312      62566     272094     273067        973   51
    318      64194     271428     273067       1638   52
    324      65823     271491     273067       1576   52
    330      67459     272520     273067        547   52
    336      69098     273086     273067        -19   51
    342      70734     272719     273067        348   52
    348      72367     272236     273067        831   52
    354      74003     272613     273067        454   52
    360      75645     273535     273067       -468   51
    366      77288     273796     273067       -729   51
    372      78923     272662     273067        405   52
    378      80556     272229     273067        838   52
    384      82192     272612     273067        455   52
    390      83834     273535     273067       -468   51
    396      85476     273650     273067       -584   51
    402      87112     272790     273067        277   52
    408      88744     272099     273067        968   52
    414      90380     272596     273067        471   52
    420      92020     273241     273067       -174   52
    426      93665     274051     273067       -984   51
    432      95305     273423     273067       -356   52
    438      96940     272615     273067        451   52
    444      98578     272952     273067        115   52
    450     100221     273723     273067       -656   51
    456     101864     273820     273067       -753   51
    462     103501     272957     273067        110   52
    468     105134     272265     273067        801   52
    474     106769     272471     273067        596   52
    480     108411     273517     273067       -450   52
    486     110056     274085     273067      -1019   51
    492     111697     273573     273067       -507   51
    498     113331     272488     273067        578   52
    504     114965     272353     273067        714   52
    510     116604     273065     273067          2   52
    516     118247     273737     273067       -671   51
    522     119887     273384     273067       -317   52
    528     121521     272465     273067        602   52
    534     123159     272933     273067        134   52
    540     124801     273575     273067       -508   52
    546     126447     274239     273067      -1172   51
    552     128088     273592     273067       -526   52
    558     129725     272928     273067        138   52
    564     131364     273137     273067        -70   52
    570     133008     273892     273067       -825   51
    576     134651     273841     273067       -774   51
    582     136286     272668     273067        399   52
    588     137918     272083     273067        983   52
    594     139554     272594     273067        473   52
    600     141194     273241     273067       -174   52
    606     142839     274051     273067       -984   51
    612     144479     273423     273067       -356   52
    618     146115     272761     273067        305   52
    624     147754     273116     273067        -49   52
    630     149397     273744     273067       -677   52
    636     151043     274260     273067      -1193   51
    642     152685     273741     273067       -674   51
    648     154320     272655     273067        412   52
    654     155955     272519     273067        547   52
    660     157595     273232     273067       -165   52
    666     159239     273904     273067       -837   51
    672     160878     273259     273067       -192   52
    678     162513     272595     273067        472   52
    684     164151     272949     273067        117   52
    690     165794     273723     273067       -656   51
    696     167437     273820     273067       -753   51
    702     169074     272957     273067        110   52
    708     170707     272265     273067        801   52
    714     172343     272617     273067        450   52
    720     173984     273390     273067       -323   52
    726     175629     274070     273067      -1003   51
    732     177269     273425     273067       -359   52
    738     178905     272762     273067        305   52
    744     180544     273116     273067        -49   52
    750     182187     273744     273067       -677   52
    756     183834     274405     273067      -1339   51
    762     185476     273759     273067       -692   51
    768     187111     272657     273067        409   52
    774     188748     272811     273067        255   52
    780     190389     273414     273067       -347   52
    786     192034     274073     273067      -1006   51
    792     193674     273426     273067       -359   52
    798     195310     272762     273067        305   52
    804     196949     273116     273067        -49   52
    810     198592     273744     273067       -677   51
    816     200235     273822     273067       -755   51
