RUN = [
      0          0      96926     273067     176141  -11
      3         -6      32976     273067     240091    2
      6        -14       9935     273067     263132    9
      9         -7       5021     273067     268046   13
     12         13       6085     273067     266982   17
     15         45       9047     273067     264020   21
     18         93      13542     273067     259525   24
     21        159      19010     273067     254057   27
     24        245      25252     273067     247814   30
     27        354      32416     273067     240651   32
     30        489      40551     273067     232516   35
     33        654      49891     273067     223175   37
     36        850      59874     273067     213193   38
     39       1073      69221     273067     203846   40
     42       1325      78775     273067     194292   42
     45       1607      88617     273067     184450   43
     48       1918      98346     273067     174721   44
     51       2256     107603     273067     165463   46
     54       2622     116910     273067     156157   47
     57       3015     126018     273067     147048   47
     60       3434     134841     273067     138225   48
     63       3878     143348     273067     129719   49
     66       4344     151096     273067     121971   50
     69       4836     159438     273067     113629   50
     72       5350     167128     273067     105939   51
     75       5886     174587     273067      98480   51
     78       6446     182396     273067      90671   51
     81       7025     189251     273067      83816   52
     84       7624     195984     273067      77083   52
     87       8243     202674     273067      70392   52
     90       8878     208487     273067      64579   52
     93       9531     214421     273067      58645   52
     96      10198     219536     273067      53531   52
     99      10877     223930     273067      49137   52
    102      11567     227854     273067      45213   52
    105      12266     231181     273067      41886   53
    108      12974     234296     273067      38771   53
    111      13692     237552     273067      35514   53
    114      14421     241074     273067      31993   53
    117      15161     244689     273067      28377   53
    120      15910     247907     273067      25160   53
    123      16668     250984     273067      22083   52
    126      17433     253580     273067      19487   52
    129      18204     255791     273067      17276   52
    132      18980     257650     273067      15417   52
    135      19758     258738     273067      14329   52
    138      20539     259769     273067      13297   52
    141      21320     260134     273067      12933   53
    144      22106     261340     273067      11726   53
    147      22897     262844     273067      10223   53
    150      23693     264453     273067       8613   52
    153      24493     265884     273067       7183   52
    156      25298     267467     273067       5599   52
    159      26105     268458     273067       4609   52
    162      26913     269024     273067       4043   52
    165      27723     269655     273067       3412   52
    168      28532     269662     273067       3404   52
    171      29340     269450     273067       3617   52
    174      30149     269590     273067       3477   52
    177      30960     270070     273067       2996   52
    180      31773     270671     273067       2395   52
    183      32588     271315     273067       1752   52
    186      33406     272189     273067        878   52
    189      34225     272713     273067        354   52
    192      35046     273330     273067       -263   52
    195      35866     273332     273067       -265   52
    198      36685     273117     273067        -51   52
    201      37503     272826     273067        241   52
    204      38320     272508     273067        559   52
    207      39139     272826     273067        241   52
    210      39959     273154     273067        -87   52
    213      40781     273701     273067       -634   52
    216      41606     274541     273067      -1474   52
    219      42432     275053     273067      -1986   51
    222      43258     275234     273067      -2168   51
    225      44081     274652     273067      -1585   51
    228      44902     274015     273067       -948   52
    231      45721     273359     273067       -292   52
    234      46538     272696     273067        371   52
    237      47357     272892     273067        174   52
    240      48178     273393     273067       -326   52
    243      49000     273785     273067       -719   52
    246      49824     274355     273067      -1288   51
    249      50649     274772     273067      -1705   51
    252      51473     274704     273067      -1637   51
    255      52295     274249     273067      -1182   51
    258      53114     273442     273067       -375   52
    261      53932     272941     273067        126   52
    264      54748     272333     273067        734   52
    267      55567     272764     273067        303   52
    270      56387     273132     273067        -65   52
    273      57208     273478     273067       -411   52
    276      58032     274246     273067      -1180   51
    279      58856     274518     273067      -1451   51
    282      59679     274399     273067      -1332   51
    285      60501     274141     273067      -1074   51
    288      61319     273188     273067       -121   52
    291      62136     272635     273067        431   52
    294      62953     272440     273067        627   52
    297      63771     272587     273067        480   52
    300      64591     273069     273067         -3   52
    303      65412     273455     273067       -389   51
    306      66235     274023     273067       -956   51
    309      67059     274439     273067      -1372   51
    312      67881     274155     273067      -1089   51
    315      68700     273408     273067       -342   51
    318      69518     272929     273067        138   52
    321      70333     272113     273067        954   52
    324      71149     272040     273067       1027   52
    327      71965     272014     273067       1053   52
    330      72784     272651     273067        415   52
    333      73604     273092     273067        -26   52
    336      74427     273895     273067       -828   51
    339      75250     274178     273067      -1112   51
    342      76072     274063     273067       -996   51
    345      76892     273591     273067       -525   51
    348      77709     272778     273067        289   52
    351      78525     272275     273067        792   52
    354      79340     271882     273067       1185   52
    357      80157     272174     273067        893   52
    360      80975     272492     273067        574   52
    363      81796     273251     273067       -185   52
    366      82618     273735     273067       -669   51
    369      83441     274122     273067      -1055   51
    372      84264     274259     273067      -1192   51
    375      85084     273660     273067       -594   51
    378      85902     273018     273067         49   52
    381      86718     272360     273067        707   52
    384      87535     272343     273067        724   52
    387      88352     272337     273067        730   52
    390      89171     272765     273067        301   52
    393      89991     273133     273067        -66   52
    396      90814     273909     273067       -842   51
    399      91638     274399     273067      -1332   51
    402      92461     274356     273067      -1290   51
    405      93281     273695     273067       -628   51
    408      94100     273246     273067       -179   51
