RUN = [
      0          0      96460     273067     176606  -12
      3         -6      32811     273067     240256    0
      6        -14       9877     273067     263190    7
      9        -10       4354     273067     268713   11
     12          7       5203     273067     267864   14
     15         28       6364     273067     266702   17
     18         56       8284     273067     264783   20
     21         95      11333     273067     261734   23
     24        152      16289     273067     256778   25
     27        228      22136     273067     250931   27
     30        327      29159     273067     243908   29
     33        448      36383     273067     236684   31
     36        590      43462     273067     229605   33
     39        753      50490     273067     222577   35
     42        941      58361     273067     214705   36
     45       1156      66963     273067     206104   37
     48       1393      74744     273067     198323   39
     51       1654      82667     273067     190400   40
     54       1941      91071     273067     181996   41
     57       2251      98998     273067     174069   42
     60       2587     107403     273067     165664   43
     63       2945     115115     273067     157951   43
     66       3327     123014     273067     150053   44
     69       3730     130331     273067     142735   45
     72       4154     137443     273067     135623   45
     75       4598     144268     273067     128799   46
     78       5062     150990     273067     122077   46
     81       5543     157030     273067     116037   47
     84       6041     162829     273067     110238   47
     87       6555     168326     273067     104740   48
     90       7085     173718     273067      99349   48
     93       7632     179287     273067      93779   49
     96       8195     184704     273067      88363   49
     99       8774     190067     273067      83000   49
    102       9369     195411     273067      77656   49
    105       9976     199886     273067      73181   50
    108      10597     204485     273067      68582   50
    111      11230     208697     273067      64370   50
    114      11876     212987     273067      60080   50
    117      12533     216874     273067      56193   50
    120      13200     220403     273067      52663   50
    123      13874     223159     273067      49907   50
    126      14556     225858     273067      47209   51
    129      15245     228320     273067      44747   51
    132      15943     231130     273067      41937   51
    135      16650     234063     273067      39004   51
    138      17365     236823     273067      36243   51
    141      18088     239523     273067      33543   51
    144      18817     241771     273067      31296   51
    147      19553     244074     273067      28993   51
    150      20294     245965     273067      27101   51
    153      21041     247927     273067      25140   51
    156      21791     249267     273067      23800   51
    159      22545     250603     273067      22464   51
    162      23301     251506     273067      21561   51
    165      24060     252472     273067      20595   52
    168      24824     253891     273067      19176   52
    171      25593     255470     273067      17597   52
    174      26367     257105     273067      15961   52
    177      27145     258546     273067      14521   52
    180      27929     260348     273067      12719   51
    183      28714     261200     273067      11866   51
    186      29502     262148     273067      10918   51
    189      30290     262483     273067      10583   52
    192      31079     262817     273067      10249   52
    195      31870     263366     273067       9700   52
    198      32663     263991     273067       9075   52
    201      33458     264643     273067       8423   52
    204      34258     265951     273067       7115   52
    207      35059     266629     273067       6437   52
    210      35864     267731     273067       5336   51
    213      36670     268336     273067       4731   51
    216      37477     268765     273067       4302   51
    219      38283     268701     273067       4365   51
    222      39088     268463     273067       4603   52
    225      39892     268164     273067       4903   52
    228      40698     268489     273067       4578   52
    231      41506     269035     273067       4032   52
    234      42316     269659     273067       3408   52
    237      43128     270310     273067       2756   52
    240      43941     270756     273067       2311   51
    243      44757     271560     273067       1506   51
    246      45572     271629     273067       1438   51
    249      46386     271438     273067       1629   51
    252      47197     270724     273067       2343   52
    255      48008     270471     273067       2595   52
    258      48820     270598     273067       2469   52
    261      49633     270858     273067       2209   52
    264      50448     271381     273067       1686   52
    267      51264     271781     273067       1286   52
    270      52082     272354     273067        713   51
    273      52901     272771     273067        295   51
    276      53719     272704     273067        363   51
    279      54536     272464     273067        602   51
    282      55352     272164     273067        903   52
    285      56165     271412     273067       1655   52
    288      56979     271361     273067       1706   52
    291      57794     271559     273067       1508   52
    294      58611     272059     273067       1007   52
    297      59429     272452     273067        615   52
    300      60249     273022     273067         45   51
    303      61069     273223     273067       -156   51
    306      61888     273079     273067        -12   51
    309      62706     272812     273067        254   52
    312      63522     272287     273067        779   52
    315      64338     272102     273067        965   52
    318      65153     271820     273067       1246   52
    321      65970     272152     273067        915   52
    324      66788     272485     273067        582   52
    327      67607     272818     273067        249   52
    330      68427     273151     273067        -84   52
    333      69249     273700     273067       -633   51
    336      70070     273678     273067       -612   51
    339      70890     273455     273067       -389   51
    342      71707     272730     273067        337   52
    345      72523     272258     273067        809   52
    348      73338     271876     273067       1191   52
    351      74155     272172     273067        895   52
    354      74973     272492     273067        575   52
    357      75791     272605     273067        462   52
    360      76612     273291     273067       -225   52
    363      77433     273534     273067       -467   51
    366      78254     273620     273067       -553   51
    369      79074     273435     273067       -368   51
    372      79891     272723     273067        344   52
    375      80706     272040     273067       1027   52
    378      81521     271799     273067       1268   52
    381      82337     271929     273067       1138   52
    384      83155     272406     273067        661   52
    387      83973     272574     273067        492   52
    390      84793     273065     273067          2   52
    393      85614     273454     273067       -387   52
    396      86435     273591     273067       -525   52
    399      87256     273640     273067       -573   51
    402      88074     273011     273067         56   52
    405      88892     272788     273067        278   52
    408      89708     272279     273067        788   52
