RUN = [
      0          0      96437     136533      40096  -12
      3         -7      32587     136533     103946   -2
      6        -17       9367     136533     127167    1
      9        -19       2881     136533     133653    4
     12        -13       2311     136533     134222    5
     15         -1       3403     136533     133130    6
     18          9       3358     136533     133175    8
     21         18       3127     136533     133407    9
     24         26       2829     136533     133704   11
     27         38       3586     136533     132947   12
     30         54       4716     136533     131818   13
     33         75       6192     136533     130341   15
     36        101       7792     136533     128741   16
     39        136      10297     136533     126237   17
     42        178      12691     136533     123843   18
     45        229      15476     136533     121057   19
     48        291      18832     136533     117702   20
     51        363      22173     136533     114361   21
     54        449      26371     136533     110163   21
     57        549      30872     136533     105662   22
     60        660      34833     136533     101700   22
     63        780      38173     136533      98360   23
     66        910      41509     136533      95024   24
     69       1052      45274     136533      91259   24
     72       1206      49191     136533      87342   24
     75       1370      52731     136533      83803   25
     78       1542      55706     136533      80827   25
     81       1724      58913     136533      77620   26
     84       1915      61986     136533      74547   26
     87       2115      65012     136533      71522   27
     90       2324      68021     136533      68512   27
     93       2544      71455     136533      65078   27
     96       2772      74393     136533      62140   28
     99       3009      77371     136533      59162   28
    102       3257      80794     136533      55739   28
    105       3510      83082     136533      53451   28
    108       3773      86046     136533      50488   28
    111       4043      88602     136533      47931   29
    114       4321      91230     136533      45304   29
    117       4608      94098     136533      42435   29
    120       4901      96405     136533      40128   29
    123       5201      98729     136533      37804   29
    126       5507     100844     136533      35690   29
    129       5819     102884     136533      33649   29
    132       6135     104467     136533      32066   29
    135       6458     106536     136533      29998   29
    138       6783     107698     136533      28836   30
    141       7115     109617     136533      26916   30
    144       7450     110942     136533      25591   30
    147       7792     112919     136533      23615   30
    150       8137     114264     136533      22269   30
    153       8486     115602     136533      20932   30
    156       8839     116937     136533      19597   30
    159       9196     118270     136533      18263   30
    162       9555     119173     136533      17360   30
    165       9917     120139     136533      16395   30
    168      10280     120695     136533      15838   30
    171      10644     121108     136533      15426   30
    174      11010     121685     136533      14849   30
    177      11378     122319     136533      14214   30
    180      11747     122759     136533      13774   31
    183      12120     123777     136533      12756   31
    186      12495     124568     136533      11966   31
    189      12873     125494     136533      11040   31
    192      13255     126683     136533       9850   31
    195      13639     127534     136533       8999   30
    198      14025     128266     136533       8267   30
    201      14412     128741     136533       7793   31
    204      14800     129124     136533       7410   31
    207      15191     129906     136533       6628   31
    210      15584     130613     136533       5920   30
    213      15978     131079     136533       5455   30
    216      16373     131459     136533       5075   30
    219      16767     131378     136533       5156   31
    222      17163     131780     136533       4753   31
    225      17560     132138     136533       4396   31
    228      17958     132480     136533       4054   31
    231      18357     132816     136533       3717   31
    234      18756     132935     136533       3598   31
    237      19156     133192     136533       3341   31
    240      19556     133284     136533       3250   31
    243      19956     133316     136533       3218   31
    246      20358     133758     136533       2775   31
    249      20761     134130     136533       2403   31
    252      21165     134477     136533       2056   31
    255      21570     134815     136533       1718   30
    258      21975     134935     136533       1599   30
    261      22380     134977     136533       1556   30
    264      22784     134776     136533       1757   31
    267      23188     134705     136533       1828   31
    270      23593     134896     136533       1637   31
    273      24000     135394     136533       1139   30
    276      24407     135570     136533        963   30
    279      24813     135417     136533       1116   31
    282      25219     135363     136533       1170   31
    285      25626     135559     136533        974   31
    288      26034     135844     136533        689   30
    291      26441     135729     136533        804   31
    294      26847     135473     136533       1060   31
    297      27253     135383     136533       1150   31
    300      27659     135351     136533       1183   31
    303      28065     135340     136533       1194   31
    306      28472     135551     136533        982   31
    309      28880     135841     136533        692   31
    312      29288     135944     136533        589   31
    315      29697     136196     136533        338   30
    318      30106     136285     136533        249   30
    321      30514     136101     136533        433   31
    324      30922     136036     136533        498   31
    327      31330     136013     136533        521   31
    330      31740     136435     136533         98   30
    333      32150     136585     136533        -52   30
    336      32558     136207     136533        327   30
    339      32967     136289     136533        245   30
    342      33373     135671     136533        862   31
    345      33780     135668     136533        865   31
    348      34188     135883     136533        651   31
    351      34595     135743     136533        790   31
    354      35001     135478     136533       1055   31
    357      35408     135600     136533        933   31
    360      35814     135428     136533       1106   31
    363      36221     135582     136533        951   31
    366      36628     135637     136533        897   31
    369      37036     135872     136533        662   31
    372      37445     136170     136533        363   31
    375      37854     136276     136533        258   31
    378      38264     136528     136533          5   31
    381      38674     136618     136533        -84   30
    384      39085     136865     136533       -332   30
    387      39493     136306     136533        228   31
    390      39903     136539     136533         -6   30
    393      40312     136406     136533        127   31
    396      40721     136359     136533        174   31
    399      41131     136558     136533        -25   30
    402      41541     136628     136533        -95   30
    405      41949     136222     136533        311   31
    408      42357     136079     136533        455   31
