RUN = [
      0          0      24067     273067     248999    3
      7          1       2257     273067     270809   13
     14         24       3195     273067     269872   19
     21        110      11482     273067     261584   25
     28        291      24587     273067     248480   29
     35        582      40070     273067     232996   33
     42        990      56676     273067     216391   36
     49       1525      74683     273067     198384   39
     56       2192      93465     273067     179602   41
     63       2992     112445     273067     160621   43
     70       3919     130662     273067     142404   44
     77       4963     147509     273067     125557   45
     84       6107     162022     273067     111045   46
     91       7337     174504     273067      98563   47
     98       8638     184854     273067      88213   48
    105      10006     194494     273067      78573   49
    112      11439     203811     273067      69256   50
    119      12934     212709     273067      60358   50
    126      14484     220658     273067      52409   50
    133      16078     227091     273067      45976   51
    140      17708     232347     273067      40719   51
    147      19376     237761     273067      35306   51
    154      21078     242667     273067      30400   52
    161      22812     247268     273067      25798   52
    168      24571     250931     273067      22136   52
    175      26348     253598     273067      19468   52
    182      28147     256699     273067      16367   52
    189      29966     259578     273067      13489   52
    196      31800     261786     273067      11281   52
    203      33640     262762     273067      10304   52
    210      35486     263630     273067       9437   52
    217      37343     265139     273067       7927   52
    224      39208     266315     273067       6752   52
    231      41076     266809     273067       6257   52
    238      42945     266983     273067       6084   52
    245      44819     267650     273067       5417   53
    252      46703     269011     273067       4056   52
    259      48593     269913     273067       3154   52
    266      50479     269471     273067       3595   53
    273      52369     269953     273067       3113   53
    280      54272     271689     273067       1378   52
    287      56179     272363     273067        703   52
    294      58080     271641     273067       1425   52
    301      59979     271317     273067       1750   53
    308      61884     272070     273067        997   52
    315      63794     272788     273067        279   52
    322      65701     272460     273067        606   52
    329      67601     271520     273067       1547   53
    336      69507     272218     273067        849   53
    343      71420     273191     273067       -125   52
    350      73335     273538     273067       -471   52
    357      75242     272527     273067        540   53
    364      77151     272698     273067        369   53
    371      79067     273624     273067       -558   52
    378      80985     273967     273067       -900   52
    385      82894     272825     273067        242   52
    392      84799     272203     273067        864   53
    399      86710     272930     273067        137   52
    406      88625     273515     273067       -448   52
    413      90534     272785     273067        282   53
    420      92441     272460     273067        607   53
    427      94356     273473     273067       -407   52
    434      96275     274084     273067      -1017   52
    441      98190     273617     273067       -550   52
    448     100096     272403     273067        663   53
    455     102007     272947     273067        119   52
    462     103922     273516     273067       -450   52
    469     105835     273306     273067       -239   52
    476     107741     272376     273067        691   53
    483     109649     272554     273067        513   53
    490     111565     273612     273067       -545   52
    497     113483     273966     273067       -899   52
    504     115392     272825     273067        242   52
    511     117296     272073     273067        994   53
    518     119205     272658     273067        409   53
    525     121122     273751     273067       -684   52
    532     123036     273457     273067       -390   52
    539     124944     272650     273067        417   53
    546     126855     272969     273067         98   52
    553     128770     273518     273067       -452   52
    560     130682     273176     273067       -109   52
    567     132586     272104     273067        963   53
    574     134492     272270     273067        797   53
    581     136407     273456     273067       -390   52
    588     138322     273561     273067       -495   52
    595     140230     272659     273067        408   53
    602     142138     272579     273067        488   53
    609     144053     273484     273067       -417   52
    616     145971     273954     273067       -888   52
    623     147881     272954     273067        113   52
    630     149785     272084     273067        982   53
    637     151694     272659     273067        408   53
    644     153611     273751     273067       -685   52
    651     155527     273718     273067       -651   52
    658     157434     272543     273067        524   53
    665     159343     272699     273067        368   53
    672     161261     273885     273067       -818   52
    679     163180     274120     273067      -1053   52
    686     165091     273099     273067        -32   52
    693     166997     272358     273067        709   53
    700     168908     272943     273067        123   52
    707     170822     273386     273067       -319   52
    714     172729     272513     273067        553   53
    721     174635     272306     273067        761   53
    728     176549     273329     273067       -263   52
    735     178466     273810     273067       -744   52
    742     180377     273072     273067         -5   52
    749     182280     271964     273067       1102   53
    756     184188     272518     273067        549   53
    763     186103     273478     273067       -412   52
    770     188019     273693     273067       -627   52
    777     189927     272671     273067        396   53
    784     191836     272710     273067        356   53
    791     193754     273886     273067       -819   52
    798     195672     273990     273067       -923   52
    805     197583     273088     273067        -21   52
    812     199489     272357     136533    -135823   31
    819     201323     262915     136533    -126382   31
    826     203022     244500     136533    -107966   30
    833     204601     227244     136533     -90711   30
    840     206072     211654     136533     -75121   30
    847     207454     198686     136533     -62153   30
    854     208762     187903     136533     -51369   30
    861     210009     179006     136533     -42472   30
    868     211204     171447     136533     -34914   30
    875     212353     164788     136533     -28255   30
    882     213459     158600     136533     -22067   31
    889     214535     154146     136533     -17613   31
    896     215592     151278     136533     -14745   31
    903     216636     149332     136533     -12798   31
    910     217667     147467     136533     -10933   31
    917     218688     145999     136533      -9466   30
    924     219696     144177     136533      -7643   30
    931     220687     141802     136533      -5268   31
    938     221664     139769     136533      -3235   31
    945     222634     138677     136533      -2144   31
    952     223606     138841     136533      -2308   31
