RUN = [
      0          0      34217     136533     102316   -2
      6          0       4277     136533     132256    4
     12          0        535     136533     135999    7
     18          0         67     136533     136466   10
     24          6        883     136533     135650   13
     30         28       3319     136533     133215   15
     36         77       7561     136533     128973   17
     42        159      12903     136533     123630   19
     48        282      19550     136533     116983   21
     54        456      27819     136533     108715   22
     60        682      36436     136533     100098   23
     66        947      43200     136533      93333   24
     72       1255      50317     136533      86217   25
     78       1600      56602     136533      79931   26
     84       1984      63075     136533      73458   27
     90       2406      69426     136533      67107   28
     96       2869      76199     136533      60334   28
    102       3372      82879     136533      53654   29
    108       3913      89256     136533      47278   29
    114       4490      95303     136533      41231   29
    120       5096     100288     136533      36245   29
    126       5728     104703     136533      31831   29
    132       6383     108609     136533      27925   29
    138       7056     111722     136533      24811   29
    144       7745     114444     136533      22089   30
    150       8450     117118     136533      19415   30
    156       9169     119494     136533      17039   30
    162       9896     120958     136533      15576   30
    168      10628     121870     136533      14664   30
    174      11368     123150     136533      13383   30
    180      12116     124477     136533      12056   30
    186      12875     126247     136533      10286   30
    192      13641     127489     136533       9044   30
    198      14416     128957     136533       7576   30
    204      15196     129870     136533       6664   30
    210      15983     131005     136533       5529   30
    216      16774     131730     136533       4804   30
    222      17565     131820     136533       4713   30
    228      18353     131394     136533       5139   31
    234      19141     131341     136533       5192   31
    240      19936     132355     136533       4178   31
    246      20740     133794     136533       2739   31
    252      21552     135141     136533       1392   30
    258      22368     135893     136533        641   30
    264      23184     135987     136533        547   30
    270      24000     135998     136533        535   30
    276      24816     136000     136533        534   30
    282      25628     135417     136533       1117   31
    288      26437     134906     136533       1627   31
    294      27245     134697     136533       1837   31
    300      28057     135254     136533       1280   31
    306      28875     136198     136533        335   31
    312      29699     137191     136533       -658   30
    318      30524     137461     136533       -928   30
    324      31350     137641     136533      -1108   30
    330      32175     137518     136533       -984   30
    336      33000     137502     136533       -969   30
    342      33820     136771     136533       -238   30
    348      34633     135659     136533        874   31
    354      35442     134937     136533       1597   31
    360      36254     135284     136533       1250   31
    366      37073     136348     136533        185   31
    372      37897     137210     136533       -677   30
    378      38723     137610     136533      -1076   30
    384      39547     137368     136533       -835   30
    390      40372     137483     136533       -950   30
    396      41195     137206     136533       -673   30
    402      42015     136734     136533       -201   30
    408      42828     135654     136533        879   31
    414      43637     134936     136533       1597   31
    420      44449     135284     136533       1250   31
    426      45266     136056     136533        477   31
    432      46089     137028     136533       -495   30
    438      46912     137149     136533       -616   30
    444      47733     136873     136533       -339   30
    450      48553     136692     136533       -159   31
    456      49375     136962     136533       -428   30
    462      50194     136558     136533        -24   31
    468      51011     136216     136533        318   31
    474      51825     135735     136533        798   31
    480      52641     135967     136533        566   31
    486      53464     137017     136533       -483   30
    492      54288     137294     136533       -760   30
    498      55109     136891     136533       -358   30
    504      55930     136841     136533       -307   30
    510      56751     136834     136533       -301   30
    516      57571     136688     136533       -154   31
    522      58391     136669     136533       -136   31
    528      59210     136521     136533         12   31
    534      60028     136357     136533        177   31
    540      60847     136482     136533         51   31
    546      61671     137227     136533       -694   30
    552      62497     137612     136533      -1078   30
    558      63320     137222     136533       -689   30
    564      64143     137174     136533       -640   30
    570      64965     137022     136533       -488   30
    576      65785     136711     136533       -178   30
    582      66602     136235     136533        299   31
    588      67416     135738     136533        796   31
    594      68228     135384     136533       1149   31
    600      69041     135485     136533       1048   31
    606      69861     136519     136533         14   31
    612      70686     137377     136533       -844   30
    618      71512     137631     136533      -1097   30
    624      72336     137370     136533       -837   30
    630      73159     137192     136533       -659   30
    636      73981     137024     136533       -491   30
    642      74798     136274     136533        259   31
    648      75613     135888     136533        645   31
    654      76426     135549     136533        985   31
    660      77241     135798     136533        736   31
    666      78063     136850     136533       -316   30
    672      78886     137127     136533       -594   30
    678      79707     136870     136533       -337   30
    684      80528     136838     136533       -305   30
    690      81349     136834     136533       -301   30
    696      82169     136688     136533       -154   31
    702      82989     136669     136533       -136   31
    708      83808     136521     136533         12   31
    714      84626     136357     136533        177   31
    720      85445     136482     136533         51   31
    726      86271     137519     136533       -985   30
    732      87098     137794     136533      -1261   30
    738      87922     137391     136533       -858   30
    744      88745     137195     136533       -661   30
    750      89567     137024     136533       -491   30
    756      90386     136566     136533        -32   30
    762      91201     135925     136533        608   31
    768      92013     135407     136533       1126   31
    774      92825     135343     136533       1191   31
    780      93640     135772     136533        761   31
    786      94462     136846     136533       -313   30
    792      95286     137272     136533       -739   30
    798      96107     136888     136533       -355   30
    804      96927     136694     136533       -161   31
    810      97750     137108     136533       -574   30
    816      98574     137305     136533       -772   30
