RUN = [
      0          0      25378     136533     111155    0
      7          0       2243     136533     134290    0
     14          0        198     136533     136335    0
     21          0         18     136533     136516    0
     28          0          2     136533     136532    0
     35          0          0     136533     136533    1
     42          0          0     136533     136533    1
     49          0          0     136533     136533    1
     56          0          0     136533     136533    1
     63          0          0     136533     136533    1
     70          0          0     136533     136533    1
     77          0          0     136533     136533    2
     84          0          0     136533     136533    2
     91          0          0     136533     136533    2
     98          0          0     136533     136533    2
    105          0          0     136533     136533    2
    112          0          0     136533     136533    2
    119          0          0     136533     136533    3
    126          0          0     136533     136533    3
    133          0          0     136533     136533    3
    140          0          0     136533     136533    3
    147          0          0     136533     136533    3
    154          0          0     136533     136533    3
    161          0          0     136533     136533    4
    168          0          0     136533     136533    4
    175          0          0     136533     136533    4
    182          0          0     136533     136533    4
    189          0          0     136533     136533    4
    196          0          0     136533     136533    5
    203          0          0     136533     136533    5
    210          0          0     136533     136533    5
    217          1        130     136533     136403    5
    224          1         12     136533     136522    5
    231          1          1     136533     136532    5
    238          1          0     136533     136533    6
    245          1          0     136533     136533    6
    252          1          0     136533     136533    6
    259          1          0     136533     136533    6
    266          1          0     136533     136533    6
    273          1          0     136533     136533    6
    280          1          0     136533     136533    7
    287          1          0     136533     136533    7
    294          2        130     136533     136403    7
    301          3        142     136533     136392    7
    308          4        143     136533     136391    7
    315          6        273     136533     136260    7
    322          7        154     136533     136379    8
    329         10        404     136533     136129    8
    336         16        817     136533     135716    8
    343         25       1244     136533     135289    8
    350         34       1282     136533     135251    8
    357         44       1416     136533     135118    9
    364         56       1688     136533     134845    9
    371         72       2233     136533     134300    9
    378         90       2542     136533     133992    9
    385        109       2699     136533     133834    9
    392        130       2973     136533     133560    9
    399        150       2867     136533     133666   10
    406        177       3770     136533     132764   10
    413        211       4761     136533     131772   10
    420        251       5630     136533     130903   10
    427        297       6488     136533     130045   10
    434        350       7476     136533     129058   10
    441        415       9126     136533     127408   10
    448        492      10834     136533     125699   11
    455        580      12418     136533     124115   11
    462        675      13469     136533     123064   11
    469        769      13432     136533     123101   11
    476        862      13299     136533     123235   11
    483        954      13157     136533     123377   11
    490       1050      13665     136533     122868   12
    497       1159      15403     136533     121130   12
    504       1282      17380     136533     119154   12
    511       1410      18206     136533     118328   12
    518       1538      18279     136533     118255   12
    525       1670      18806     136533     117727   12
    532       1810      19894     136533     116639   12
    539       1959      21163     136533     115371   13
    546       2112      21796     136533     114738   13
    553       2269      22373     136533     114161   13
    560       2434      23465     136533     113068   13
    567       2609      24864     136533     111669   13
    574       2781      24597     136533     111936   13
    581       2952      24443     136533     112090   13
    588       3130      25342     136533     111192   14
    595       3316      26463     136533     110071   14
    602       3504      26822     136533     109711   14
    609       3699      27766     136533     108768   14
    616       3902      28891     136533     107642   14
    623       4100      28339     136533     108194   14
    630       4301      28681     136533     107852   14
    637       4504      28972     136533     107562   14
    644       4704      28607     136533     107927   15
    651       4913      29747     136533     106787   15
    658       5136      31671     136533     104863   15
    665       5359      31841     136533     104693   15
    672       5594      33418     136533     103115   15
    679       5838      34730     136533     101803   15
    686       6080      34585     136533     101948   15
    693       6337      36526     136533     100007   15
    700       6596      36958     136533      99575   16
    707       6864      38168     136533      98365   16
    714       7144      39838     136533      96695   16
    721       7429      40637     136533      95896   16
    728       7726      42270     136533      94263   16
    735       8024      42545     136533      93989   16
    742       8333      44002     136533      92532   16
    749       8642      44130     136533      92403   16
    756       8959      45184     136533      91350   17
    763       9275      45146     136533      91387   17
    770       9604      46836     136533      89697   17
    777       9935      47246     136533      89287   17
    784      10274      48324     136533      88209   17
    791      10613      48419     136533      88114   17
    798      10956      48949     136533      87585   17
    805      11296      48605     136533      87929   17
    812      11637      48705     136533      87829   17
    819      11977      48583     136533      87950   18
    826      12318      48703     136533      87831   18
    833      12662      49104     136533      87429   18
    840      13009      49530     136533      87003   18
    847      13363      50479     136533      86054   18
    854      13719      50824     136533      85710   18
    861      14084      52026     136533      84507   18
    868      14454      52784     136533      83750   18
    875      14833      54023     136533      82511   18
    882      15221      55304     136533      81229   18
    889      15613      55939     136533      80595   19
    896      16016      57427     136533      79106   19
    903      16427      58601     136533      77933   19
    910      16847      59876     136533      76657   19
    917      17277      61291     136533      75242   19
    924      17708      61547     136533      74987   19
    931      18143      62090     136533      74443   19
    938      18580      62399     136533      74135   19
    945      19017      62426     136533      74107   19
    952      19450      61907     136533      74626   19
