RUN = [
      0          0      96592     136533      39942  -13
      3         -7      32642     136533     103891   -1
      6        -17       9386     136533     127148    2
      9        -18       3103     136533     133430    5
     12         -9       3036     136533     133497    7
     15          5       4090     136533     132443    9
     18         20       4678     136533     131855   11
     21         37       5317     136533     131216   13
     24         62       7267     136533     129266   15
     27         95       9680     136533     126853   16
     30        140      13119     136533     123414   17
     33        196      16705     136533     119828   19
     36        263      20344     136533     116190   20
     39        343      24431     136533     112102   21
     42        433      28031     136533     108502   22
     45        534      31674     136533     104859   23
     48        649      35979     136533     100554   24
     51        780      40949     136533      95585   25
     54        927      46153     136533      90380   25
     57       1087      50795     136533      85738   26
     60       1259      55022     136533      81512   27
     63       1447      59964     136533      76570   27
     66       1650      64943     136533      71590   28
     69       1864      69074     136533      67459   28
     72       2093      73767     136533      62767   28
     75       2335      78227     136533      58306   28
     78       2587      81959     136533      54574   29
     81       2851      85864     136533      50669   29
     84       3126      89615     136533      46918   29
     87       3411      93096     136533      43437   29
     90       3704      96051     136533      40483   29
     93       4003      98388     136533      38145   30
     96       4310     100939     136533      35595   30
     99       4624     103349     136533      33185   30
    102       4944     105494     136533      31040   30
    105       5270     107545     136533      28989   30
    108       5601     109347     136533      27186   30
    111       5937     111062     136533      25471   31
    114       6279     112961     136533      23572   31
    117       6628     115141     136533      21392   31
    120       6982     116989     136533      19544   31
    123       7343     119151     136533      17382   31
    126       7709     120993     136533      15541   31
    129       8082     123152     136533      13381   31
    132       8458     124562     136533      11971   31
    135       8840     126354     136533      10180   30
    138       9225     127633     136533       8900   30
    141       9612     128517     136533       8017   30
    144      10003     129691     136533       6842   30
    147      10394     130106     136533       6427   30
    150      10787     130684     136533       5849   30
    153      11182     131319     136533       5214   30
    156      11577     131544     136533       4990   30
    159      11972     131623     136533       4910   30
    162      12368     131867     136533       4667   30
    165      12763     131737     136533       4796   31
    168      13159     131907     136533       4626   31
    171      13555     131967     136533       4566   31
    174      13953     132419     136533       4114   31
    177      14352     132795     136533       3739   31
    180      14752     133143     136533       3390   31
    183      15154     133697     136533       2836   31
    186      15559     134539     136533       1994   31
    189      15966     135268     136533       1265   30
    192      16375     135957     136533        577   30
    195      16784     136200     136533        333   30
    198      17193     136286     136533        247   30
    201      17603     136532     136533          1   30
    204      18013     136619     136533        -86   30
    207      18424     136865     136533       -332   30
    210      18834     136737     136533       -204   30
    213      19245     136907     136533       -374   30
    216      19655     136752     136533       -218   30
    219      20065     136697     136533       -163   30
    222      20474     136462     136533         72   30
    225      20880     135732     136533        801   30
    228      21286     135474     136533       1059   30
    231      21690     134952     136533       1581   31
    234      22093     134552     136533       1981   31
    237      22497     134626     136533       1907   31
    240      22901     134652     136533       1881   31
    243      23306     134877     136533       1656   31
    246      23713     135388     136533       1146   31
    249      24122     135999     136533        534   31
    252      24533     136646     136533       -113   30
    255      24945     137090     136533       -557   30
    258      25356     137032     136533       -499   30
    261      25768     137227     136533       -693   30
    264      26180     137296     136533       -762   30
    267      26591     137105     136533       -571   30
    270      27004     137468     136533       -935   30
    273      27415     137165     136533       -632   30
    276      27827     137274     136533       -741   30
    279      28238     137097     136533       -564   30
    282      28647     136603     136533        -70   30
    285      29054     135998     136533        536   30
    288      29460     135568     136533        965   31
    291      29865     135201     136533       1332   31
    294      30270     135071     136533       1462   31
    297      30675     135025     136533       1508   31
    300      31081     135224     136533       1309   31
    303      31488     135510     136533       1023   31
    306      31897     136042     136533        491   31
    309      32307     136446     136533         87   31
    312      32720     137235     136533       -702   30
    315      33133     137514     136533       -981   30
    318      33545     137397     136533       -864   30
    321      33958     137571     136533      -1038   30
    324      34370     137417     136533       -884   30
    327      34782     137363     136533       -830   30
    330      35194     137344     136533       -811   30
    333      35606     137337     136533       -804   30
    336      36018     137335     136533       -801   30
    339      36429     137118     136533       -585   30
    342      36838     136611     136533        -78   30
    345      37245     136000     136533        533   30
    348      37651     135569     136533        964   31
    351      38055     134986     136533       1548   31
    354      38460     134995     136533       1538   31
    357      38865     134998     136533       1535   31
    360      39270     134999     136533       1534   31
    363      39676     135215     136533       1318   31
    366      40084     135723     136533        811   31
    369      40494     136333     136533        200   31
    372      40906     136980     136533       -446   30
    375      41318     137208     136533       -675   30
    378      41729     137074     136533       -540   30
    381      42141     137242     136533       -708   30
    384      42553     137301     136533       -768   30
    387      42965     137322     136533       -789   30
    390      43376     137114     136533       -580   30
    393      43787     137040     136533       -507   30
    396      44197     136799     136533       -265   30
    399      44607     136713     136533       -180   30
    402      45015     136252     136533        281   31
    405      45421     135658     136533        875   31
    408      45828     135664     136533        870   31
