RUN = [
      0          0      47987     136533      88546   -6
      3         -2      16535     136533     119998    0
      6         -5       5200     136533     131334    3
      9          0       2916     136533     133618    5
     12          6       2324     136533     134210    7
     15          9       1468     136533     135065    8
     18         11        950     136533     135583   10
     21         13        767     136533     135766   12
     24         20       1779     136533     134754   13
     27         32       3215     136533     133318   15
     30         51       5231     136533     131303   16
     33         78       7667     136533     128866   17
     36        113      10253     136533     126281   19
     39        158      13322     136533     123212   20
     42        215      16992     136533     119541   21
     45        284      20876     136533     115657   21
     48        367      25266     136533     111268   22
     51        464      29835     136533     106699   23
     54        577      34898     136533     101636   23
     57        702      39273     136533      97260   24
     60        838      43191     136533      93342   24
     63        984      46731     136533      89803   25
     66       1144      50999     136533      85534   25
     69       1316      55094     136533      81440   26
     72       1497      58481     136533      78052   26
     75       1689      62049     136533      74485   27
     78       1893      65896     136533      70637   27
     81       2108      69626     136533      66907   27
     84       2332      72885     136533      63649   28
     87       2567      76407     136533      60126   28
     90       2812      79807     136533      56726   28
     93       3065      82733     136533      53800   28
     96       3328      85922     136533      50611   28
     99       3596      88127     136533      48406   29
    102       3872      90631     136533      45903   29
    105       4155      93024     136533      43509   29
    108       4445      95379     136533      41154   29
    111       4740      97289     136533      39245   29
    114       5041      99257     136533      37276   29
    117       5346     100815     136533      35719   30
    120       5657     102658     136533      33875   30
    123       5973     104388     136533      32146   30
    126       6296     106507     136533      30026   30
    129       6624     108334     136533      28199   30
    132       6959     110488     136533      26045   30
    135       7299     112328     136533      24206   30
    138       7644     114055     136533      22478   30
    141       7993     115528     136533      21005   30
    144       8348     117341     136533      19192   30
    147       8705     118414     136533      18120   30
    150       9066     119655     136533      16879   30
    153       9431     120955     136533      15578   30
    156       9798     121846     136533      14687   30
    159      10168     122808     136533      13726   30
    162      10540     123578     136533      12955   30
    165      10915     124497     136533      12036   30
    168      11292     125253     136533      11280   30
    171      11669     125521     136533      11013   31
    174      12048     126046     136533      10487   31
    177      12429     126663     136533       9871   31
    180      12812     127312     136533       9222   31
    183      13197     127972     136533       8561   31
    186      13582     128206     136533       8328   31
    189      13969     128719     136533       7814   31
    192      14358     129332     136533       7202   31
    195      14749     129979     136533       6554   31
    198      15142     130639     136533       5894   31
    201      15538     131519     136533       5014   31
    204      15937     132476     136533       4057   30
    207      16337     133030     136533       3503   30
    210      16737     133226     136533       3307   30
    213      17137     133295     136533       3238   30
    216      17539     133751     136533       2782   30
    219      17940     133696     136533       2837   31
    222      18343     134108     136533       2425   30
    225      18746     134254     136533       2280   30
    228      19149     134305     136533       2228   31
    231      19553     134539     136533       1994   30
    234      19956     134406     136533       2127   31
    237      20360     134575     136533       1959   31
    240      20763     134419     136533       2115   31
    243      21167     134579     136533       1954   31
    246      21570     134420     136533       2113   31
    249      21973     134364     136533       2169   31
    252      22377     134560     136533       1974   31
    255      22782     134844     136533       1689   31
    258      23187     134945     136533       1588   31
    261      23595     135627     136533        906   31
    264      24004     136084     136533        450   30
    267      24413     136245     136533        288   30
    270      24823     136518     136533         16   30
    273      25232     136398     136533        135   30
    276      25641     136356     136533        177   30
    279      26050     136341     136533        192   30
    282      26458     136121     136533        413   31
    285      26866     136043     136533        491   31
    288      27277     136662     136533       -128   30
    291      27686     136449     136533         84   30
    294      28095     136374     136533        159   30
    297      28502     135917     136533        616   31
    300      28907     135324     136533       1209   31
    303      29313     135330     136533       1203   31
    306      29719     135332     136533       1201   31
    309      30124     135117     136533       1416   31
    312      30529     135042     136533       1492   31
    315      30935     135230     136533       1303   31
    318      31341     135297     136533       1236   31
    321      31749     135751     136533        782   31
    324      32159     136343     136533        190   31
    327      32569     136552     136533        -19   31
    330      32981     137057     136533       -524   30
    333      33393     137236     136533       -702   30
    336      33803     136868     136533       -335   31
    339      34215     137169     136533       -635   30
    342      34625     136844     136533       -311   31
    345      35036     136945     136533       -412   30
    348      35447     136981     136533       -447   30
    351      35856     136562     136533        -29   31
    354      36265     136414     136533        119   31
    357      36673     136146     136533        387   31
    360      37081     136052     136533        482   31
    363      37489     136018     136533        515   31
    366      37896     135791     136533        742   31
    369      38302     135495     136533       1038   31
    372      38708     135391     136533       1143   31
    375      39115     135569     136533        964   31
    378      39523     135848     136533        686   31
    381      39932     136162     136533        372   31
    384      40343     136704     136533       -170   31
    387      40754     136895     136533       -362   31
    390      41166     137178     136533       -645   31
    393      41580     137710     136533      -1176   30
    396      41992     137466     136533       -933   30
    399      42405     137596     136533      -1063   30
    402      42817     137426     136533       -893   30
    405      43228     137151     136533       -617   30
    408      43639     137053     136533       -520   30
